33300228.5 10 3718.8 13.6 4132.3 29.9 914564.4 30.0 245757 30.0 2121353.6 30 1612350.2 10 321235.6 10 13425.2 30 5234.7 60.0 756.3 60.1 2235660.9 10.0
33334228.5 10 3518.8 13.6 4176.3 29.9 924354.4 30.0 274577 30.0 2121433.6 30 1633364.2 10 387654.6 10 14576.2 30 5355.7 60.0 745.3 60.1 2345640.9 10.0
33378228.5 10 3618.8 13.6 4145.3 29.9 964734.4 30.0 273247 30.0 2176513.6 30 1613464.2 10 324235.6 10 13567.2 30 5789.7 60.0 723.3 60.1 2834560.9 10.0
33568228.5 10 3818.8 13.6 4143.3 29.9 925464.4 30.0 245747 30.0 2167453.6 30 1613464.2 10 329245.6 10 16785.2 30 5467.7 60.0 724.3 60.1 2834580.9 10.0
31234228.5 10 3018.8 13.6 4378.3 29.9 975414.4 30.0 234657 30.0 2112343.6 30 1634544.2 10 321346.6 10 10975.2 30 3456.7 60.0 743.3 60.1 2234654.9 10.0
33300128.5 10 3118.8 13.6 4678.3 29.9 923464.4 30.0 234657 30.0 2187663.6 30 1568334.2 10 322435.6 10 11234.2 30 3465.7 60.0 787.3 60.1 2823456.9 10.0
33312458.5 10 3218.8 13.6 4778.3 29.9 913454.4 30.0 273464 30.0 2167883.6 30 1457342.2 10 322456.6 10 13546.2 30 4567.7 60.0 767.3 60.1 2235423.9 10.0
33386548.5 10 3418.8 13.6 4878.3 29.9 912354.4 30.0 232465 30.0 2186743.6 30 1457345.2 10 324257.6 10 13976.2 30 2457.7 60.0 789.3 60.1 3245432.9 10.0
33386328.5 10 3438.8 13.6 4978.3 29.9 983243.4 30.0 223465 30.0 2167893.6 30 1548656.2 10 323466.6 10 13267.2 30 3465.7 60.0 709.3 60.1 2234532.9 10.0
32357548.5 10 3735.8 13.6 4078.3 29.9 974254.4 30.0 273452 30.0 2167493.6 30 1645868.2 10 324326.6 10 13434.2 30 5678.7 60.0 798.3 60.1 2234532.9 10.0
33234568.5 10 3876.8 13.6 4578.3 29.9 934563.4 30.0 271234 30.0 2135473.6 30 1656875.2 10 321346.6 10 13234.2 30 5345.7 60.0 767.3 60.1 2234565.9 10.0
33235678.5 10 3712.8 13.6 4546.3 29.9 981434.4 30.0 212345 30.0 2135683.6 30 1636550.2 10 329234.6 10 13235.2 30 5435.7 60.0 732.3 60.1 2234532.9 10.0
